8688459788
9704288961
9505340789
8106479941
9553134434
9000378271
9642431139
8790089057
9885094382
6309340703
9581190273
9912647667
6303994895
9346650685
8374035882
7893866052
8886996448
9177185847
8897550799
9949651545
8179248995
9014108893
9346554044
9440946133
7013532465
6305577905
8142126874
9963607764
9701124034
6302446833
8008318518
7993848699
9701427243
9963622879
6302224105
9177972332
9966049197
9652320404
7337583343
8639640532
9542157756
9160243505
6302899280
9666536941
9966633688
7382227256
9989730868
9441589766
8186944146
8790483759
9959762647
9989614449
9030169802
9849810905
9963511637
9985039941
9985443533
8500057172
9701919191
7032969706
9704215813
9704203749
9440975537
9676315546
8919282962
9963657180
9908828669
6301953398
9390083956
7382716050
6300448782
6303603398
9848156913
8465845568
9963296802
9959215150
8978386130
9848673225
9676562916
7989295596
9491360015
9160891860
9290125490
8008663441
8008629932
8125353180
8688752733
8074961689
9100428905
9666078513
9966615879
9666624609
9966664472
9848533617
9010796157
8008998988
8374882441
9550173087
7995984491
7032961161
9701802556
7675907443
9959760107
8897435470
7013532472
8639833044
6305579510
9550576125
9676425058
9848954820
9177880637
9177007256
9966404785
9866266527
9177228467
9493350109
9704324371
9392228982
9652652973
9666030341
8074135282
9121095665
9959153532
9502128057
9381505557
9849934245
9100874346
9703091356
9381486055
9515904723
9666639025
9542666934
8008388983
9866667618
9573637370
9052020501
9618409164
8309466065
9052648734
9398284083
7601048455
9154555200
9966868360
8790616969
9032837015
8374068842
9866960998
8919649455
9666001505
9010366736
9391620447
7731903950
8106806899
9705893107
9550918650
6302041550
9885051249
7659001440
7730941625
9676533437
9133684836
9949301377
8106767963
9492573432
9640055731
9701481589
9640787317
8332086621
8886492162
8886163841
9676324906
8143604392
9885646651
9502369020
7416039013
8143300737
7675958945
7997658596
6305113957
7286890951
8247787609
9866659297
8466029712
9652515403
9160867671
8978845229
9110768002
9603343327
8008960691
9553053691
9849693003
8494931504
9381622575
9640785520
9885409406
9933008382
8463905791
8106106112
9000404899
8500754147
9676483842
8919210705
8897396691
9866936374
7981695052
8790088151
7660868521
9989114524
9948393450
9951607379
7675907305
9948494746
7095603317
9704849479
9642882105
9963995946
8142518971
9030746670
7702449817
8374558441
9052222606
9866252456
8985873732
9502312936
9705081229
9676743381
9133220391
9032597945
6301307192
9701771664
9966160032
6304076632
6301803068
8464041634
9182313203
9704522092
7799227515
9030517721
9966531873
8977766179
9885566484
9494686713
9951061875
9010520319
9848375872
9573352675
7032401623
7396809260
9963593730
8106087494
7670911757
6303933892
9010609796
9701726441
7671889787
9849797607
7396781039
9505817464
7288998893
9494939433
9493623036
7799499290
9849113901
9052114454
7997264172
9177202325
9704018854
8297655766
9390880580
9885252764
9652543563
8897046227
9959363975
9989453475
8501004605
7337572715
8374475763
9666095331
7286855879
9010207001
9160888823
9885472357
9000404844
9515274121
7672033851
9100761646
9701391019
9618195529
8886595644
9704208734
7680016299
9703266130
6304837318
8500100540
9642001943
8096619414
8464004256
9676319144
7793983162
9849785716
8142088882
9010824929
9640254751
9490329305
9640362033
9666184423
8801144217
9866848528
9652740212
9701656811
8142001517
7995171574
9959348824
9533285058
8639221123
8790204302
8106190440
8790953476
7386544609
9948242549
7569234043
9014005342
8499024188
9948239344
9705806509
9553774953
9000093560
9701728981
9052062987
9986275546
9866634698
9959265619
9133268805
9676061625
8074003390
9550107210
9652979294
9666576760
9949340115
7730802264
9666481251
7382029005
7075498994
9912142690
9121471279
8897392077
9705117458
9177268646
6304033635
8979796599
9948664431
8688669638
8464851911
9848040429
9603042840
9866217304
8886727820
7093565964
8106508018
6301314034
7330699775
8008114672
8555987342
7093860247
9010329820
7993035182
7095484983
7893263441
9505059544
9966102995
7993277692
9491360257
9000406580
9966835068
9642084611
9885484651
9640884580
9966535743
6305491259
6281093477
9640312414
9346808331
8374946942
9701973748
9848018067
7661072522
6309804767
9848674797
8374956626
810666535,
9010303757
7893664101
9000313737
9390050866
8374914536
7799859035
9573607753
9346712303
8317596121
9515963691
9985664316
9100557980
9652460987
9912836869
6305004458
9502596750
7981875975
8498867352
9666624638
9059767019
9182450971
9014964177
6301581876
8008724134
9642422700
9052734011
7893642956
9963622808
9705648807
8978764259
9381996563
8019815177
9959216329
8121215145
9573147495
8125329130
8374941875
9908050176
9515877422
9966128250
9848708235
7993388833
6303044641
9705528075
9666566263
9160058151
8125157362
6301557286
9398986798
9440025497
8374953674
7330809755
9848924450
6302006279
9640840005
9908504354
8374931900
7799338963
9100213958
9966277260
7989590550
8897552622
9666695089
8106452927
9000479326
7893242009
9959006800
9441960221
8639420660
9966928012
9000323437
9603464600
8790256463
7731064694
9505566798
8367493921
8341687842
8688391355
8341684842
7780148398
9701716296
7993027913
8897430846
9652933908
7993538802
6300187533
7673997633
9989738573
9515187775
9133460834
8886276034
9666754656
9573133715
7997516766
7032012871
8897453811
9505285650
9603463422
9912263612
8978716791
8328021110
9491359476
7993029860
9502986607
9154555163
7780794777
6303076080
7032447119
8096356661
9951031726
9966089499
7569676331
8919995350
9550904331
9121671813
8121402240
8247209023
6304055611
9908125339
9505836295
6303844846
7893375392
9908934929
9542953614
9985427499
9052766676
9340128451
7981869843
9676359367
8340941009
9550129475
7995962245
9391290260
9441241003
9441446314
7702925008
8309707727
7893715787
9347870815
9177831136
8019901387
8142846992
8897223383
9703681292
9866540732
7995689709
8367766289
9912907343
9701656967
9494634156
9490820748
8790966645
8187070731
9100464248
9966521419
9177738457
9177149606
9100365116
9494919107
9502385756
9398924608
6302101597
8096955234
8919096848
9346712230
9948921235
9948602592
9100290989
8500131477
6304933320
9052729019
8639182361
8978933605
9550942814
7416707416
6305776980
7396112204
9912252096
9849657520
6305240581
8185966960
9666904646
8520814475
9652377219
9704623479
7093478198
9581452257
8142117294
8367447785
9000274865
9912589671
8106533724
7675940789
7989200425
6303791924
9000967367
9959890273
9703224740
9133689402
9959292959
7661038397
7993027779
9573061613
8247750759
8897028893
9100400513
9640593143
9963148660
9866890443
9959885798
7207305987
7989145442
9959920311
8008623591
9550333016
7799527742
9133994252
8885101251
9885892497
7032447106
8466018776
9036442097
9581851889
9440823646
8688546252
9966832126
6301474454
9542243434